Obtained graph:
IGRAPH U--- 62 602 --
+ edges:
 0 --  0  0  1  2  3  4  5  6  7  8  9 10 11 12 13 14 15 16 17 18 19 20 21 22
23 24 25 26 27 28 29 30 31 32 33 34 35 36 37 38 39 40 41 42 43 44 45 46 47 48
49 50 51 52 53 54 55 56 57 58 59 60 61
 1 --  0  2  2 26 26 27 27 38 38 41 41 57 57
 2 --  0  1  1 26 26 27 27 38 38
 3 --  0  4  4  7  7 12 12 13 13 16 16 18 18 19 19 23 23 24 24 30 30 32 32 33
33 34 34 40 40 43 43 44 44 46 46 58 58 59 59
 4 --  0  3  3  7  7 12 12 13 13 16 16 18 18 19 19 23 23 24 24 32 32 33 33 34
34 39 39 42 42 43 43 44 44 46 46
 5 --  0  6  6 29 29 49 49
 6 --  0  5  5  7  7 29 29 49 49
 7 --  0  3  3  4  4  6  6  8  8  9  9 14 14 15 15 16 16 23 23 24 24 28 28 29
29 30 30 31 31 32 32 33 33 34 34 36 36 40 40 42 42 43 43 44 44 46 46 47 47 49
49 50 50 53 53 55 55 59 59
 8 --  0  7  7 23 23 30 30 32 32 39 39 50 50
 9 --  0  7  7 14 14 15 15 28 28 29 29 31 31 36 36 42 42 47 47 48 48 53 53 55
55
10 --  0 11 11 22 22 25 25 37 37 45 45 51 51
11 --  0 10 10 22 22 25 25 45 45 51 51
12 --  0  3  3  4  4 13 13 16 16 18 18 19 19 23 23 24 24 30 30 33 33 34 34 40
40 43 43 44 44 46 46 59 59
13 --  0  3  3  4  4 12 12 16 16 18 18 19 19 23 23 24 24 30 30 33 33 34 34 40
40 43 43 44 44 46 46
14 --  0  7  7  9  9 15 15 28 28 31 31 36 36 42 42 47 47 53 53
15 --  0  7  7  9  9 14 14 28 28 31 31 36 36 47 47 48 48 53 53 55 55
16 --  0  3  3  4  4  7  7 12 12 13 13 17 17 19 19 23 23 24 24 30 30 34 34 43
43 44 44
17 --  0 16 16 44 44 58 58
18 --  0  3  3  4  4 12 12 13 13 19 19 24 24 30 30 33 33 40 40 43 43 44 44
19 --  0  3  3  4  4 12 12 13 13 16 16 18 18 24 24 30 30 33 33 34 34 40 40 43
43 44 44 46 46 58 58 59 59
20 --  0 21 21 52 52 61 61
21 --  0 20 20 27 27 52 52 61 61
22 --  0 10 10 11 11 25 25 37 37 45 45 51 51
23 --  0  3  3  4  4  7  7  8  8 12 12 13 13 16 16 24 24 30 30 32 32 33 33 34
34 39 39 42 42 43 43 44 44 50 50
24 --  0  3  3  4  4  7  7 12 12 13 13 16 16 18 18 19 19 23 23 30 30 33 33 34
34 40 40 42 42 43 43 44 44 58 58 59 59
25 --  0 10 10 11 11 22 22 35 35 37 37 45 45 51 51 54 54
26 --  0  1  1  2  2 27 27 38 38 41 41 56 56
27 --  0  1  1  2  2 21 21 26 26 38 38 41 41
28 --  0  7  7  9  9 14 14 15 15 31 31 36 36 47 47 53 53
29 --  0  5  5  6  6  7  7  9  9
30 --  0  3  3  7  7  8  8 12 12 13 13 16 16 18 18 19 19 23 23 24 24 32 32 33
33 34 34 40 40 43 43 44 44 50 50
31 --  0  7  7  9  9 14 14 15 15 28 28 36 36 42 42 47 47 48 48 53 53 55 55
32 --  0  3  3  4  4  7  7  8  8 23 23 30 30 33 33 39 39 42 42 44 44 50 50 60
60
33 --  0  3  3  4  4  7  7 12 12 13 13 18 18 19 19 23 23 24 24 30 30 32 32 40
40 43 43 44 44 46 46 50 50
34 --  0  3  3  4  4  7  7 12 12 13 13 16 16 19 19 23 23 24 24 30 30 42 42 43
43 44 44 58 58 59 59
35 --  0 25 25
36 --  0  7  7  9  9 14 14 15 15 28 28 31 31 47 47 48 48 53 53 55 55
37 --  0 10 10 22 22 25 25 45 45 51 51
38 --  0  1  1  2  2 26 26 27 27 57 57
39 --  0  4  4  8  8 23 23 32 32 42 42 50 50
40 --  0  3  3  7  7 12 12 13 13 18 18 19 19 24 24 30 30 33 33 44 44
41 --  0  1  1 26 26 27 27 56 56 57 57
42 --  0  4  4  7  7  9  9 14 14 23 23 24 24 31 31 32 32 34 34 39 39 44 44
43 --  0  3  3  4  4  7  7 12 12 13 13 16 16 18 18 19 19 23 23 24 24 30 30 33
33 34 34 44 44
44 --  0  3  3  4  4  7  7 12 12 13 13 16 16 17 17 18 18 19 19 23 23 24 24 30
30 32 32 33 33 34 34 40 40 42 42 43 43 47 47 58 58 59 59
45 --  0 10 10 11 11 22 22 25 25 37 37 51 51 54 54
46 --  0  3  3  4  4  7  7 12 12 13 13 19 19 33 33
47 --  0  7  7  9  9 14 14 15 15 28 28 31 31 36 36 44 44 48 48 53 53 55 55
48 --  0  9  9 15 15 31 31 36 36 47 47 53 53 55 55
49 --  0  5  5  6  6  7  7
50 --  0  7  7  8  8 23 23 30 30 32 32 33 33 39 39
51 --  0 10 10 11 11 22 22 25 25 37 37 45 45 54 54
52 --  0 20 20 21 21 61 61
53 --  0  7  7  9  9 14 14 15 15 28 28 31 31 36 36 47 47 48 48
54 --  0 25 25 45 45 51 51
55 --  0  7  7  9  9 15 15 31 31 36 36 47 47 48 48
56 --  0 26 26 41 41 57 57
57 --  0  1  1 38 38 41 41 56 56
58 --  0  3  3 17 17 19 19 24 24 34 34 44 44 59 59
59 --  0  3  3  7  7 12 12 19 19 24 24 34 34 44 44 58 58
60 --  0 32 32
61 --  0 20 20 21 21 52 52
