#Vertexs: 602
#Edges: 62
Diameter: [1, 0, 3]
Transitivity: 0.5227690047741461
Vertex degree: [63, 13, 9, 39, 35, 7, 9, 59, 13, 25, 13, 11, 33, 31, 19, 21, 27, 7, 23, 33, 7, 9, 13, 35, 37, 17, 13, 13, 17, 9, 35, 23, 25, 33, 31, 3, 21, 11, 11, 13, 21, 11, 23, 29, 43, 15, 15, 23, 15, 7, 15, 15, 7, 19, 7, 15, 7, 9, 15, 17, 3, 7]
Degree distribution: N = 62, mean +- sd: 19.4194 +- 12.5300
[ 3,  4): ** (2)
[ 4,  5):  (0)
[ 5,  6):  (0)
[ 6,  7):  (0)
[ 7,  8): ******** (8)
[ 8,  9):  (0)
[ 9, 10): ***** (5)
[10, 11):  (0)
[11, 12): **** (4)
[12, 13):  (0)
[13, 14): ******* (7)
[14, 15):  (0)
[15, 16): ******* (7)
[16, 17):  (0)
[17, 18): *** (3)
[18, 19):  (0)
[19, 20): ** (2)
[20, 21):  (0)
[21, 22): *** (3)
[22, 23):  (0)
[23, 24): **** (4)
[24, 25):  (0)
[25, 26): ** (2)
[26, 27):  (0)
[27, 28): * (1)
[28, 29):  (0)
[29, 30): * (1)
[30, 31):  (0)
[31, 32): ** (2)
[32, 33):  (0)
[33, 34): *** (3)
[34, 35):  (0)
[35, 36): *** (3)
[36, 37):  (0)
[37, 38): * (1)
[38, 39):  (0)
[39, 40): * (1)
[40, 41):  (0)
[41, 42):  (0)
[42, 43):  (0)
[43, 44): * (1)
[44, 45):  (0)
[45, 46):  (0)
[46, 47):  (0)
[47, 48):  (0)
[48, 49):  (0)
[49, 50):  (0)
[50, 51):  (0)
[51, 52):  (0)
[52, 53):  (0)
[53, 54):  (0)
[54, 55):  (0)
[55, 56):  (0)
[56, 57):  (0)
[57, 58):  (0)
[58, 59):  (0)
[59, 60): * (1)
[60, 61):  (0)
[61, 62):  (0)
[62, 63):  (0)
[63, 64): * (1)
Edge betweeness: [0.8760683760683761, 0.9761570569193071, 0.6538461538461537, 7.5834331681390506, 6.456145004420866, 0.5952380952380953, 0.5800000000000001, 0.7776470588235296, 2.750940170940172, 10.876068376068364, 1.0680281476247644, 0.9009932621697327, 0.8999999999999999, 0.5952380952380953, 1.3426970450499862, 1.0538461538461539, 1.1222222222222222, 0.9998692810457517, 3.522222222222223, 3.030230553759966, 0.7776470588235295, 1.465826330532213, 1.0419162301920921, 0.6600000000000001, 1.8569861589248804, 1.1892570361477925, 1.050397076111362, 5.566250021485737, 3.3000000000000007, 0.6176470588235294, 0.5952380952380952, 0.6176470588235294, 3.5786066221360335, 1.1361459363467972, 0.9575163398692812, 1.5475615887380594, 2.6573931680219713, 0.952078503399258, 2.1256553903612727, 0.9823885727337177, 0.7715487105731009, 1.3063940619701764, 1.2019051409295312, 4.051935124136783, 0.9253393665158371, 0.6538461538461537, 1.5820124202130945, 1.1041384524143143, 1.644412891593419, 0.8822222222222222, 2.4406334841628956, 1.3511877394636014, 10.876068376068364, 0.6538461538461539, 1.484161683758301, 0.8822222222222222, 1.317039926492259, 1.3033613445378152, 0.6538461538461537, 0.5952380952380952, 0.9, 1.1575378777387386, 0.9088347982871309, 3.3290741937800767, 1.3422794596042709, 0.659104559104559, 1.1153846153846154, 0.8770355935873178, 0.8398692810457516, 1.317039926492259, 5.6792855514872125, 4.968047125082167, 0.9925248515492417, 1.2411794506317835, 0.8828116710875331, 0.7490842490842491, 0.5, 1.177857461664605, 0.9090842490842492, 8.000022537750734, 1.2277128782547502, 0.8760683760683761, 1.8536062538071145, 1.487582159300502, 1.177857461664605, 1.9814024920312956, 0.9752409760032265, 7.106003615933471, 1.5153846153846153, 1.3511877394636014, 0.6634406024649928, 0.7490842490842491, 1.0419162301920921, 0.5952380952380952, 11.207692307692305, 2.1598238092761424, 1.1361459363467972, 0.7222222222222222, 0.7196825396825397, 0.880258034248182, 0.8932474700000549, 1.0538461538461539, 2.2833685268979385, 0.7715487105731009, 1.1475615887380592, 0.7222222222222222, 1.1892570361477925, 1.501025641025641, 3.3000000000000007, 2.2050693097751926, 0.5, 3.522222222222223, 1.9847376259140963, 1.2076923076923076, 0.6176470588235294, 0.6538461538461537, 0.7222222222222222, 0.6585623315768696, 1.5824802564704048, 5.553092501368364, 9.207692307692303, 3.700000000000001, 0.9404708917916464, 0.7289655172413794, 1.4625933768732957, 0.8891402714932126, 0.7992147034252298, 1.5615298427063133, 0.8672103885007886, 2.160497879402545, 1.3667658327698895, 0.9709158163028133, 1.553449579163865, 0.7819394615360783, 2.2780603169649822, 6.185521276546465, 0.9511877394636015, 0.7289655172413794, 0.7222222222222222, 1.6317282752576872, 0.7490842490842491, 2.553663640844168, 1.0538461538461539, 1.111972421897234, 1.149084249084249, 7.5834331681390506, 7.102416145945559, 0.9709158163028133, 0.7718733470399654, 0.9, 1.8536062538071145, 1.0367631175253678, 1.0535091277890465, 2.362098685628098, 3.1068519715578544, 2.2570925806219924, 0.8760683760683761, 1.2076923076923076, 1.4366209302837896, 1.6159376571141275, 0.7196825396825397, 0.8076923076923077, 6.856145004420867, 7.634554334554335, 2.953074191978858, 1.0121204321204322, 0.8918393372263341, 6.37200213377585, 7.106003615933471, 0.5952380952380952, 1.9070378213177404, 1.1153846153846154, 1.0281792717086835, 7.942091503267976, 0.6538461538461537, 1.2695635495577542, 1.0933034571106004, 0.8635513692656551, 0.9054690502077261, 0.6176470588235294, 0.6600000000000001, 7.931057020509356, 0.9998692810457517, 7.931057020509356, 0.7929841002843526, 5.293162393162393, 0.7979310344827587, 3.030230553759966, 0.5, 1.3033613445378152, 0.5952380952380953, 0.9, 0.9329411764705882, 0.952078503399258, 0.9088347982871309, 0.8207207207207207, 0.8509151347671112, 0.9761570569193071, 1.4366209302837896, 1.3844024063411278, 1.2411794506317835, 1.1041384524143143, 1.171493212669683, 0.7490842490842491, 6.37200213377585, 0.8760683760683761, 1.4625933768732957, 0.7992147034252298, 1.3385370950888194, 1.88581807644688, 1.6529617824141154, 1.308747223027142, 1.0281792717086835, 5.293162393162393, 1.486787330316742, 5.714157291885487, 0.7490842490842491, 1.100601501363752, 1.3180306622411886, 3.4398697763809323, 1.7667658327698896, 1.1289655172413793, 0.5, 3.1068519715578544, 1.7540400775694893, 1.0933034571106004, 1.0535091277890465, 0.8207207207207207, 1.3426970450499862, 1.5409942452047714, 1.9814024920312956, 1.6159376571141275, 1.6303691016898565, 1.769961933491346, 0.9253393665158371, 5.219855896268082, 5.265166337367996, 0.9366744366744366, 0.8770355935873178, 0.9264713718583688, 1.475316259526786, 0.58, 0.6538461538461537, 1.4209575961242147, 1.1137545843833876, 0.9925248515492417, 2.750940170940172, 0.9511877394636015, 4.051935124136783, 0.7979310344827587, 2.4406334841628956, 0.9752409760032265, 1.486787330316742, 1.3335847159376573, 0.6985370950888191, 1.1108914720679426, 0.8828116710875331, 0.9329411764705882, 1.8569861589248804, 1.7540400775694893, 5.265166337367996, 1.9144710191769019, 0.8822222222222222, 0.7244473713442403, 0.6176470588235294, 0.6244444444444445, 1.3844024063411278, 1.5615298427063133, 0.6538461538461537, 5.90936703714481, 0.7289655172413794, 7.931057020509356, 2.38284708755297, 1.769961933491346, 1.5409942452047714, 1.111390605053464, 0.9823885727337177, 0.9054690502077261, 5.646323769073096, 2.2050693097751926, 5.714157291885487, 0.8817740429505136, 1.1219162301920924, 1.465826330532213, 1.3724484430772466, 1.3150537158159663, 1.3422794596042709, 4.9, 1.0538461538461539, 1.0021431078573935, 0.8374002574002575, 0.7490842490842491, 1.1137545843833876, 0.6634406024649928, 1.0538461538461539, 0.9420123889031452, 8.000022537750734, 0.8760683760683761, 0.7289655172413794, 0.8828116710875332, 0.7714932126696832, 0.5952380952380953, 5.6792855514872125, 0.7911877394636014, 0.9, 1.1490842490842492, 1.3063940619701764, 0.5800000000000001, 1.1575378777387386, 0.9420123889031452, 5.219855896268082, 1.4209575961242147, 0.7911877394636014, 0.880258034248182, 0.6866125760649087, 2.730783595489478, 1.0894995306760011, 0.6976470588235294, 1.0121204321204322, 1.644412891593419, 1.0894995306760011, 0.7222222222222223, 1.149084249084249, 1.0274184173432295, 5.553092501368364, 0.5689655172413793, 1.1050338933097552, 1.4176068376068376, 0.7714932126696832, 0.5689655172413793, 1.501025641025641, 0.5, 0.9921764858393448, 1.0139994105511345, 1.5824802564704048, 6.456145004420866, 1.0367631175253678, 0.8918393372263341, 1.6303691016898565, 5.90936703714481, 0.7289655172413794, 0.5, 0.8891402714932126, 1.0139994105511345, 2.6573931680219713, 0.7289655172413794, 0.8974603174603175, 0.7421621621621621, 7.0010148335062645, 0.9366744366744366, 0.6985370950888191, 2.362098685628098, 1.89463321774841, 0.5, 2.1598238092761424, 1.3335847159376573, 1.190292298568161, 0.8891402714932127, 0.7490842490842491, 2.553663640844168, 0.7960544217687076, 0.5, 0.842702110977973, 2.38284708755297, 1.0538461538461539, 0.6977358490566039, 0.7776470588235296, 0.7960544217687076, 0.7929841002843526, 0.8672103885007886, 1.0021431078573935, 1.475316259526786, 2.850697902503176, 2.1256553903612727, 0.7289655172413794, 0.9575163398692812, 1.1490842490842492, 1.88581807644688, 0.58, 1.9847376259140963, 0.5952380952380952, 0.9921764858393448, 0.9264713718583688, 0.7222222222222222, 0.7289655172413794, 0.5, 1.1208786020550725, 1.7667658327698896, 1.4176068376068376, 1.2019051409295312, 3.3290741937800767, 0.6585623315768696, 7.102416145945559, 0.8999999999999999, 1.3041068083173346, 1.3041068083173346, 1.4514913108684557, 0.9511877394636015, 0.8817740429505136, 0.7819394615360783, 1.9070378213177404, 7.0010148335062645, 0.9090842490842492, 1.0538461538461539, 0.6538461538461537, 1.1475615887380592, 0.5, 1.1208786020550725, 4.968047125082167, 2.160497879402545, 0.5, 0.7718733470399654, 1.042510048425195, 6.867179487179486, 6.185521276546465, 0.6600000000000001, 0.9, 1.4264830720837456, 0.6804988662131519, 1.1108914720679426, 3.700000000000001, 1.2277128782547502, 0.7244473713442403, 5.566250021485737, 1.3667658327698895, 0.6176470588235294, 0.8076923076923077, 1.3180306622411886, 8.19622163277336, 0.9, 0.8635513692656551, 0.7490842490842491, 0.6176470588235294, 1.190292298568161, 1.171493212669683, 11.207692307692305, 0.7776470588235296, 7.931057020509356, 0.6538461538461537, 0.6600000000000001, 0.7490842490842491, 1.111972421897234, 1.1219162301920924, 7.942091503267976, 0.8509151347671112, 2.2833685268979385, 6.867179487179486, 0.8891402714932127, 0.5689655172413793, 0.9937154348919055, 0.6600000000000001, 0.8398692810457516, 0.9, 1.5475615887380594, 0.8398692810457518, 3.5786066221360335, 0.6866125760649087, 2.850697902503176, 0.6244444444444445, 1.0538461538461539, 0.8374002574002575, 0.7421621621621621, 5.3652038162290046, 1.5820124202130945, 4.9, 1.3724484430772466, 0.7222222222222222, 0.8932474700000549, 0.9243269370141862, 1.3385370950888194, 0.9, 0.6379310344827587, 0.7490842490842491, 1.6317282752576872, 1.100601501363752, 0.6976470588235294, 0.6538461538461539, 1.0274184173432295, 1.2695635495577542, 1.3150537158159663, 2.730783595489478, 0.7222222222222223, 1.308747223027142, 8.19622163277336, 0.6538461538461537, 1.5153846153846153, 1.4514913108684557, 1.484161683758301, 0.6804988662131519, 1.6529617824141154, 1.9144710191769019, 7.634554334554335, 1.1289655172413793, 1.1271770011671491, 1.553449579163865, 2.2570925806219924, 1.1050338933097552, 0.5689655172413793, 9.207692307692303, 0.6600000000000001, 0.659104559104559, 0.8974603174603175, 0.6379310344827587, 1.1153846153846154, 0.9009932621697327, 1.1153846153846154, 1.0538461538461539, 1.050397076111362, 3.4398697763809323, 0.9404708917916464, 0.6176470588235294, 0.8828116710875332, 0.7776470588235296, 0.9713064713064713, 0.9713064713064713, 0.6977358490566039, 1.0538461538461539, 0.8822222222222222, 1.1271770011671491, 2.953074191978858, 1.487582159300502, 0.7776470588235295, 0.5952380952380952, 1.0680281476247644, 1.4264830720837456, 2.2780603169649822, 1.1222222222222222, 1.042510048425195, 0.9937154348919055, 0.8398692810457518, 0.5, 1.89463321774841, 0.9511877394636015, 6.856145004420867, 5.3652038162290046, 0.9243269370141862, 5.646323769073096, 0.8760683760683761, 1.111390605053464, 0.842702110977973, 0.0, 53.27692307692308, 53.58803418803419, 26.805882600608786, 26.58867082550227, 56.27692307692308, 36.11111111111115, 22.60012327563587, 30.323938806291782, 32.34358974358976, 53.27692307692308, 53.32454212454213, 36.75674338240377, 36.80590266875982, 33.42358974358976, 34.681045751634, 27.850103414241357, 42.396581196581224, 37.29347992406817, 36.937107150552535, 57.2, 53.00000000000001, 53.27692307692308, 26.573931364519613, 27.398822993549174, 53.0, 53.25882352941177, 50.788034188034196, 34.761045751634, 34.47692307692309, 26.860691417522855, 33.34358974358975, 26.85342785229196, 27.000821661998142, 27.50617179030973, 54.400000000000006, 34.68104575163399, 53.32454212454213, 53.369934640522885, 39.29168426344897, 29.10483731493775, 53.33574660633485, 25.248953777797603, 27.884537507051736, 24.986073651388057, 53.2, 29.594428668018935, 28.69206349206349, 48.6255938697318, 36.276923076923076, 29.837276449041152, 53.2, 57.2, 34.715528510254664, 53.50769230769231, 34.813628057765975, 54.4991452991453, 54.24685771744595, 40.052534654887594, 29.362342440070627, 51.2, 57.2]
